mild_winter = LIST {
	# Harondor
	694 695 711 1125 1126 1127 1128 1254 1255 1256 # aegardh_area
	56 98 612 615 642 693 1121 1131 # ras_arish_area
	709 710 769 1124 1252 1291 1316 1317 1318 1319 2041 # laergaladrim_area
	701 702 703 712 1191 1248 1249 1250 # emyn_gonngaran_area
	622 623 698 699 700 708 768 1132 # harfalas_area
	# Anorien
	1309 1312 1313 1314 1331 1332 1967 # lossarnach_area
	1483 1485 1486 1487 1498 2119 # entyn_i_onodlo_area
	1201 1489 1492 1493 1494 1495 1496 1497 1499 1500 1501 1502 1504 # doranorien_area
	1300 1301 1302 1490 1491 # anorien_area
	# Ithilien
	1200 1203 1207 1210 1211 1217 1223 1260 1311 # ithilien_area
	1196 1219 1220 1221 1222 1262 1323 # forithilien_area
	1122 1204 1205 1206 1212 1215 1216 1218 1299 # harithilien_area
	696 697 770 771 1208 1209 1213 1214 1315 1326 # poros_area
	# Lebennin
	1295 2117 1303 1305 1307 1308 # pelargir_area
	1329 1338 1339 1340 1341 1360 1390 1393 1394 1396 1398 # gilrain_area
	1322 1345 1384 1386 1388 1395 # imlad_tathren_area
	1292 1304 1306 1320 1321 1328 1344 1348 1349 1346 2038 2118 # lebennivet_area
	1293 1294 1296 1297 1298 1330 1334 1337 1342 1397 1399 1420 # celosien_area
	1310 1324 1325 1333 1335 1336 1343 # arnach_area
	1229 1230 1231 1232 1233 1234 1235 # tolfalas_area
	# Umbar
	1 2 4 5 6 8 11 13 14 53 54 55 93 # umbar_area
	57 58 59 60 61 62 63 64 65 84 86 # calenfalas_area
	9 10 12 15 16 18 20 21 22 34 35 47 # glinfalas_area
	36 37 38 39 40 41 43 46 # asni_dat_area
	42 45 50 96 97 618 619 1966 # sakal_an_khar_area
	25 26 28 30 31 32 33 1963 # umbast_area
	# Calenardhon
	1541 1542 1544 1543 1545 1546 1547 1548 1566 1904 # calenhardin_area
	1569 1570 1572 1579 1581 1903 2146 # carreglyn_area
	1527 1530 1537 1538 1539 1540 1567 1571 2204 2147 2148 # adorn_area
	# Dyr-Fladwen
	1549 1550 1551 1552 1553 1555 1557 1562 # dyr_fladwen_area
	1484 1505 1506 1507 1554 2152 2116 2120 # garth_rhuven_area
	1508 1556 1558 1559 1560 1561 1563 1564 1568 # garth_annui_area
	# Rhuvenlhad
	1226 1472 1476 1478 1479 1480 1481 # hartalf_area
	1467 1468 1469 1470 1471 1475 1477 # fortalf_area
	1452 1453 1454 1473 1474 1482 # emyth_perain_area
	1459 1460 1461 1462 1463 1464 1465 1466 # i_laden_area
	# Dor Rhunen
	760 767 773 776 777 987 988 989 990 991 992 1009 1018 # talath_harroch_area
	311 743 744 746 747 748 985 986 1137 1202 # aramuth_ayal_area
	345 349 350 750 751 1006 1008 2030 # duil_rewinion_area
	230 294 297 298 300 302 309 310 343 344 745 # taj_ures_area
	346 347 348 351 752 759 766 1010 1968 1969 2037 # emyn_rhain_area
	225 287 288 289 290 291 293 295 296 299 301 312 # sagathavuld_area
	# Dacranamel
	269 270 275 279 280 283 284 285 286 292 2719 # gathod_area
	111 112 113 114 115 116 117 118 120 141 239 722 2040 # dacranamel_area
	122 123 124 125 126 127 128 240 241 263 264 # telaith_lyst_area
	229 271 272 273 274 276 277 278 282 # morad_area
	119  121 261 262 265 266 267 268 323 # surubeki_morad_area
	# Belfalas
	1364 1372 1373 1374 1375 1403 1404 1406 # lond_ernil_area
	1362 1363 1365 1368 1371 1387 1389 1391 1392 1515 # rosuldrie_area
	1401 1402 1405 1407 1409 1410 1417 1510 # edhelion_area
	1376 1377 1378 1379 1380 1381 1382 # methrast_area
	1361 1366 1367 1369 1370 1383 1509 # anghabar_area
	# Anfalas
	2235 2237 2238 2239 2240 2243 2244 2297 2299 # anfalas_area
	1437 1438 1441 1442 1516 1517 2301 2303 2234 2236 # langstrand_area
	2241 2242 2245 2246 2247 2254 2256 2279 2280 2281 2282 2286 # harlefnui_area
	1518 1519 1520 1576 1577 2248 2249 2250 2300 2302 2304 # pinnath_gelin_area
	# Hairaverkien
	2251 2252 2287 2291 2292 2293 2294 2295 2296 2298 # forlefnui_area
	1593 1595 1596 1597 1598 2033 2253 2288 2289 2290 # nan_i_feryn_area
	1582 1586 1587 1588 1589 1590 1591 1592 # nimrais_area
	# Lamedon
	1354 1355 1356 1359 1400 1411 1415 1416 # nan_ringlo_area
	1352 1353 1357 1358 1412 1413 1414 1418 1419 # ciril_area
	1422 1423 1424 1429 1431 1432 1433 1434 1512 1513 # mornan_area
	1435 1436 1439 1440  1514 1521 1522 1523 1524 1525 # morthond_area
	1408 1421 1425 1426 1427 1428 1430 1511 # tarlang_area
	# Andrast
	2257 2258 2268 2269 2273 2274 2275 2276 2277 2278 # andrast_area
	2255 2259 2270 2271 2272 2283 2284 2285 # nan_enqui_area
	2260 2261 2262 2263 2264 2265 2266 2267 # iaurast_area
	# Druwaith
	1583 1584 1585 2201 2202 2203 2205 2206 2207 2210 2211 # druwaith_area
	2149 2150 2208 2209 2212 2213 2214 2215 2122 # balorn_area
	1526 1528 1529 1531 1532 1533 1534 1536 1535 2151 # emyn_adorn_area
	# Enedhwaith
	2121 2123 2124 2125 2126 2141 2142 # angrast_area
	2127 2128 2136 2137 2143 2144 2145 # enedhir_area
	1866 1868 1869 1870 1872 1873 1948 2135 # fordirith_area
	2129 2130 2131 2132 2133 2134 2182 2184 # nan_laeglin_area
	1746 1863 1865 1867 1871 1876 2138 2139 2140 # enedfalas_area
	# Harnendor
	44 611 613 614 624 625 1123 1129 1251 2042 2364 # harnen_area
	626 627 628 630 631 1130 1253 2047 2362 # haruzan_area
	99 610 616 617 620 621 2365 # harnun_dat_area
	# Kargagis Ahar
	3070 3071 3072 3074 3102 3103 3117 3128 3129 3174 3175 # dalpygis_area
	3067 3075 3090 3091 3092 3100 3101 3116 3118 3176 # nunahar_area
	2898 2900 2920 2921 3007 3021 3130 3135 3177 3178 3188 3197 # jayir_ahar_area
	3097 3104 3105 3106 3112 3115 3127 3131 3167 3172 3173 3248 # folkothyka_area
	3187 3189 3190 3191 3192 3193 3194 3195 3196 3198 3199 # tar_fendu_area
	# Khurgunin
	2772 2773 2774 2778 2780 2781 2782 2930 3030 3048 3163 # rykaril_area
	791 2531 2775 2776 2777 2779 2929 3039 3182 # atha_area
	2931 2932 2933 2934 2935 3027 3028 3029 3055 3069 3073 # tauretath_area
}

normal_winter = LIST {
	# Uilad
	876 877 881 882 909 910 948 949 976 2354 # dyr_uvadan_area
	1747 1787 1789 1790 2185 2186 2189 2190 2356 # dyr_erib_area
	1643 1749 1752 1754 1788 2332 2347 2348 2350 2353 2355 # uilad_rhunen_area
	1773 1843 2331 2333 2334 2335 2349 2351 2352 # annui_uilad_area
	# Uvanwaith
	774 780 798 822 1063 1270 1271 1350 1351 # berennyn_area
	778 779 782 783 784 787 788 1005 1017 1225 1227 1288 2035 # nan_lothanduin_area
	753 781 785 799 1011 1012 1019 1020 # dagorlad_area
	1013 1014 1015 1016 1224 1228 # nindalf_area
	# Mintyrnath
	1642 1668 1669 1706 1708 1738 1739 1736 1740 1748 1845 1846 # tyrn_hyarinen_area
	1662 1663  1667 1673 1847 1956 1957 1958 2188 # faerdor_area
	1612 1664 1670 1671 1672 1681 1682 1683 1684 1685 1853 # tharbad_area
	1603 1674 1687 1688 1697 1698 1700 1743 1851 1852 1882 1883 # dol_tinereb_area
	1607 1693 1694 1699 1741 1742 1817 1848 # rohwaen_area
	# Mithlond
	2231 2515 2516 2517 2518 2519 2520 2521 2524 # dor_lelvin_area
	1808 2227 2228 2229 2230 2232 2233 2457 2459 2460 2461 # rhonlindon_area
	2437 2443 2453 2454 2493 2494 # galfalas_area
	# Forlindon
	2402 2403 2404 2405 2406 # tol_fuin_area
	1100 2407 2408 2410 2411 2413 2415 2420 2423 2551 # lothlann_area
	2435 2436 2438 2439 2444 2446 2447 # geleidhien_area
	2412 2414 2416 2417 2418 2419 2421 2422 2430 2549 # estolad_area
	2434 2507 2508 2509 2510 2511 # gweinlas_area
	2431 2432 2433 2440 2441 2445 2448 2449 2450 2451 2452 2512 2711 # talath_annui_area
	2425 2426 2427 2428 2429 2503 2504 2505 2506 2550 # thargelion_area
	2495 2496 2497 2498 2499 2500 2501 2502 # ascariand_area
	# Harlindon
	2456 2458 2464 2465 2469 2455 2463 2470 2513 2552 2626 # ardalinderion_area
	1837 1955 2159 2160 2485 2486 2487 2488 2489 2490 2491 # dor_tinuviel_area
	2442 2467 2468 2472 2473 2474 2475 2476 2477 # gwaelad_area
	2466 2471 2478 2479 2480 2481 2482 2483 2484 # halfalas_area
	# Anduin
	824 856 857 861 885 895 956 1048 1051 1064 1065 # ronen_in_anduin_area
	1072 1272 1273 1278 1280 1281 1282 # ninglor_area
	890 891 893 1050 1289 1055 1056 1057 1068 # glennen_area
	855 886 887 888 892 894 1049 1274 # emyn_methel_area
	1075 1076 1080 1081 1082 1083 1084 1085 # drownholt_area
	1052 1053 1054 1058 1070 1071 1073 1074 1077 1078 1079 # riwdor_area
	853 854 889 911 912 1066 1069 # duirrograw_area
	1275 1276 1279 1284 1285 1286 1287 2031 2032 # lothduin_area
	# Eryn Galen
	1101 1102 1104 1105 1106 1113 1114 1115 1116 # emyn_guldur_area
	995 1107 1112 1117 1118 1119 1120 2657 2659 2663 2712 # angaladh_area
	368 997 998 2661 2662 2666 2669 2716 # emyn_nu_fuin_area
	756 761 775 993 1103 1108 1109 1110 1111 2710 2713 2714 # taur_guldur_area
	363 367 379 755 757 994 996 2715 # angaladh_rhunen_area
	999 2664 2665 2675 2676 2677 2678 2679 2718 # eryn_arador_area
	2658 2660 2667 2668 2670 2671 2672 2673 2674 2680 2681 2717 # annuryn_area
	# Dorwinion
	190 191 192 193 194 195 196 197 198 199 201 2110 # folyavuld_area
	215 220 231 232 233 234 235 236 237 238 # dobok_bron_area
	109 110 206 207 208 221 222 223 224 226 227 228 # pinnon_rhun_area
	103 104 105 106 107 108 185 186 187 188 189 # dobok_rhin_area
	200 209 210 212 214 216 1971 1972 1973 1974 1980 # deneral_area
	# Duirrogwin
	100 101 102 162 163 164 175 176 177 178 179 180 182 # szrelavuld_area
	202 203 204 205 211 218 1982 1983 1984 1985 1986 1987 1988 1989 # durannon_area
	139 140 142 143 150 151 156 157 158 # gazar_ibar_area
	165 167 168 169 170 172 173 174 2002 2003 2004 # nagadar_area
	# Rhovanion
	217 219 1978 1979 1981 # arkran_area
	352 353 354 364 365 758 1975 1976 1977 2721 2722 2723 # aur_esgalabar_area
	329 355 356 366 370 372 375 # medvos_verar_area
	303 304 308 316 318 328 357 358 384 385 319 315 387 386 # nan_carnen_area
	369 378 380 382 383 772 786 1000 2036 2720 # annendor_area
	371 373 374 381 398 399 400 726 727 1002 1003 # nan_morsereg_area
	388 390 823 852 897 389 391 1001 # agorbad_area
	# Haerhun
	255 257 258 259 260 330 331 334 338 795 # ciranthir_area
	333 335 337 340 342 792 796 797 1277 # muldin_area
	129 130 166 326 327 332 360 359 729 # kolomok_area
	249 250 251 252 253 254 440 762 2028 # nildorien_area
	# Menelothriand
	161 2803 2808 2809 2810 2811 2812 2813 2814 # tauremindon_area
	2823 2824 2825 2826 2827 2833 2835 3050 3057 # huadis_area
	789 1007 2643 2799 2800 2836 2837 2838 2839 2841 2842 # nanetha_area
	281 2724 2793 2794 2795 2796 2797 2798 2801 2802 # velirinda_area
	 # kilo_area
	2785 2786 2787 2792 2788 2789 2790 2791 2804 3054 # boli_area
	# Taur Romen
	138 144 145 147 148 152 153 154 155 159 # fola_gach_area
	131 132 133 134 242 243 244 245 247 # agasha_dag_area
	135 136 137 146 160 246 248 2016 2017 2020 2023 # vol_kug_area
	149 324 325 730 731 732 733 2024 2025 2026 2027 # forkug_area
	# Logathavuld
	376 377 392 393 394 395 396 397 723 2009 # logathavuld_area
	171 2005 2006 2008 2010 2011 2012 # gazar_utal_area
	183 184 1992 1993 1994 1995 1996 1997 2000 2001 # gazar_barak_area
	305 306 307 317 1990 1991 1998 1999 # gazar_narkad_area
	2007 2013 2014 2015 2018 2019 2021 2022 # gazar_gord_area
	# Pend Hithaeglir
	1912 1913 1914 2191 2193 2194 2195 # pend_eregion_area
	1765 1767 1785 1915 1935 1936 2113 2114 2115 # imladris_area
	1757 2196 2197 2198 2199 2200 # tal_bruinen_area
	# Rhudaur
	1759 1760 1761 1764 1766 1784 1792 1794 # pinnath_tereg_area
	957 958 968 969 970 972 973 1777 1778 1779 1781 1786 # pinnath_neryth_area
	971 947 1045 1046 1762 1774 1775 1776 1795 # pinnath_aegring_area
	1631 1644 1649 1750 1751 1753 1763 1782 1783 1791 1793 # rhudaur_area
	1645 1648 1665 1666 1755 1756 1758 1796 2187 # en_engladil_area
	1047 1768 1769 1770 1771 1772 1797 # caranduin_area
	# Arthedain
	1601 1707 1737 1818 1819 1844 2360 # breriondor_area
	1632 1735 1820 1823 1824 1825 1826 1827 1874 # emyn_sul_area
	1605 1705 1709 1710 1821 1822 1829 1830 1634 # nan_turnath_area
	1608 1609 1629 1877 1701 1702 1814 1815 1828 # nan_arnen_area
	1711 1805 1806 1812 2342 2341 2358 # tyrn_formen_area
	# Formen Eriador
	2312 2313 2314 2315 2316 2320 2321 2336 # talath_muil_area
	966 975 977 978 979 1723 1804 1807 2337 2338 2339 2340 # rammas_formen_area
	974 2344 2343 2345 2357 2359 # emyn_gelin_area
	1717 1718 1719 1729 1730 1813 1816 1834 1841 # emyn_uial_area
	1635 1720 1722 1724 1833 2318 2346 # formenyar_area
	1721 1725 1799 1801 1802 1831 1832 1842 2308 # emyn_foruial_area
	# Siragale
	1599 1617 1630 1703 1704 1733 1849 2167 # baranduin_area
	1614 1615 1622 1625 2168 2169 2174 # formensiril_area
	1604 1613 1850 2170 2171 2172 # sarnladen_area
	1610 1611 1616 1619 1620 1626 1731 1732 1734 # tinduladen_area
	1618 1621 1623 1624 1951 1952 1953 2173 2216 # tyrn_haen_area
	# Tawar Norndor
	1810 1811 1839 1840 2224 2225 2226 2462 # emyn_beraid_area
	1606 1636 1695 1696 1727 1728 2180 # perilussi_area
	1638 1726 1838 1954 2177 2178 2179 2181 2492 # harvaneth_area
	1628 2175 2176 2218 2219 2220 2222 2223 # siremyn_iaur_area
	# Numeriador
	1713 1714 1715 1800 1803 2305 2306 2307 2309 2310 2311 # gondpinnath_area
	2522 2523 2525 2526 2527 2528 2529 2726 # ramluin_area
	2538 2539 2540 2541 2543 2544 2545 2548 2725 # nan_i_naugrim_area
	1712 2323 2514 2542 2546 2547 # helchambenn_area
	1798 2530 2532 2533 2534 2535 2536 2537 2553 2554 # imladorn_area
	1602 1627 1716 1809 2221 2217 # caras_celairnen_area
	# Minhiriath
	2157 2158 2161 2162 2163 2164 2165 2166 # eryn_vorn_area
	1600 1637 1657 1659 1854 1855 # speriang_area
	1660 1661 1690 1836 1861 2153 2154 # girithlin_area
	1633 1639 1678 1679 1680 1686 1689 1691 1835 # dol_caladir_area
	1640 1641 1675 1676 1677 1692 1875 2155 2156 # ethir_gwathlo_area
	1651 1652 1654 1656 1658 1859 1860 1864 # oyer_area
	1650 1653 1655 1856 1857 1858 1862 # saralainn_area
	# Dunfearn/Dor Wathui
	1881 1884 1887 1888 1906 1907 1950 # trum_dreng_area
	1646 1885 1886 1918 1930 1932 1933 1934 # nan_leglin_area
	1578 1880 1891 1892 1895 1896 1901 1902 2183 # pren_gwzdh_area
	1647 1879 1878 1889 1890 1893 1894 1917 1949 # nan_dunstrem_area
	1565 1573 1574 1575 1744 1897 1900 1940 1941 # chail_caerdh_area
	# Eregion
	1908 1909 1916 1922 1925 1926 1939 2192 # glad_ereg_area
	1905 1920 1921 1923 1944 1945 1946 1947 # tofn_ereg_area
	1745 1919 1924 1927 1928 1929 1942 1943 # ost_in_edhil_area
	1898 1899 1910 1911 1931 1937 1938 # emyn_sirannon_area
	# Lorien
	1445 1448 1449 1455 1456 1457 1458 # lorien_area
	1443 1444 1446 1447 1450 1451 # parth_celebrant_area
	# Kykurian Kyn
	2752 2753 2756 2758 2941 2942 2943 2944 3043 3044 # langurian_kyn_area
	2754 2755 2766 2818 2819 2820 2821 2822 3056 # khirar_area
	2759 2760 2936 2937 2938 2939 2940 3023 3024 3025 3168 # gadilah_area
	2761 2762 2763 2764 2768 2770 2771 3026 3047 # otuala_area
	2765 2767 2783 2784 2805 2806 2807 2815 2816 2817 3164 # rethu_area
}

severe_winter = LIST {
	# Angmar
	866 868 873 904 913 923 963 980 1034 # carn_dum_area
	800 859 860 884 896 1086 1087 1580 # gundabad_area
	875 906 907 908 921 1780 2361 879  878 880 905 # ram_duath_area
	862 863 864 865 867 874 902 903 920 1059 1290 # nan_angmar_area
	# Forodwaith
	24 809 814 815 816 851 898 899 1004 2111 # sarch_nia_linquelie_area
	805 806 807 808 810 811 813 819 900 # talath_oiohelka_area
	801 802 803 804 820 843 901 922 967 1040 1067 1283 2688 # forovirkain_area
	812 817 818 835 838 842 883 1035 1041 1042 1043 1044 # talath_uichel_area
	827 828 829 831 832 834 836 837 839 841 844 858 # goldladwen_area
	2682 2683 2684 2685 2686 2687 2689 2690 2691 2692 2693 2694 # durganla_area
	# Forochel
	826 830 840 939 940 1091 1093 1094 1095 1096 1097 # everdalf_area
	924 925 926 927 928 932 935 938 # rast_losnaeth_area
	929 930 931 933 934 936 937 # lindalf_area
	942 950 960 961 1060 1061  1098 1099 2317 2319 2322 2409 # lodalf_area
	941 943 944 945 951 952 959 946 1036 1038 1039 1062 # linladwen_area
	914 915 916 917 919 953 954 955 964 965 # rammas_forod_area
	825 869 870 871 872 918 962 1032 1033 1037 1092 # nimbrith_forochel_area
	833 2627 2651 2652 2653 2654 2655 # jarvimaa_area
	# Forrhun
	181 724 725 728 763 764 845 846 847 848 849 850 # forod_engrin_area
	256 2628 2629 2630 2631 2632 2633 2634 2635 2636 2637 # aiatar_area
	# Dyr
	2850 2851 2852 2853 2854 2855 # latan_uzg_area
	2834 2843 2844 2845 2846 3121 3122 # dyr_area
	2828 2829 2830 2831 2832 2847 2848 2849 3051 # lotan_area
	2638 2639 2640 2642 2840 2856 2857 2858 2859 2860 # hardyr_area
	# Lu Tyr Su
	3096 3107 3109 3110 3113 3123 3132 3166 3169 3170 # rycolis_area
	3108 3111 3133 3114 3119 3126 3134 3141 3171 # daldunair_area
	3120 3124 3125 3136 3137 3138 3139 3140 3165 3260 # y_lusturanysur_area
	3249 3250 3251 3252 3253 3254 3255 3256 3257 3258 3259 # desdursyton_area
	3413 3414 3415 3416 3417 3418 3419 3420 3421 3422 3423 # lu_tyr_su_area
}

arid = LIST {
	# Gorgoroth
	749 821 1021 1022 1263 2039 # udun_area
	1030 1031 1160 1161 1162 1168 1169 1171 # ephel_duath_area
	1265 1266 1267 1268 1269 1327 1488 # lithlad_area
	1138 1139 1163 1172 1173 1194 # baugatsor_i_sauron_area
	1026 1027 1144 1145 1164 1167 1170 # perth_ulmyn_area
	1023 1024 1158 1159 1174 1264 2324 # gaer_durlith_area
	1140 1141 1142 1143 1165 1166 1236 # barad_dur_area
	# Nurn
	1028 1029 1088 1089 1090 1134 1146 1147 1150 1184 1239 # maegond_area
	687 1025 1136 1148 1149 1157 1177 1179 1180 1198 1246 # nurn_area
	740 1151 1152 1153 1154 1156 1183 1197 1237 1238 1257 1258 # caradhram_nurn_area
	739 754 983 1133 1155 1182 1188 1190 1240 1241 # glamhoth_area
	682 1175 1176 1178 1185 1186 1195 1245 1247 # ghurzun_area
	707 734 736 1181 1189 1199 1242 1243 1259 2034 # rhunen_nurn_area
	# Amruneru
	313 336 341 339 677 679 685 686 688 690 691 705 982 # lhanneru_area
	362 704 706 735 737 738 741 742 1187 1244 # amruneru_area
	320 321 322 361 314 765 981 # pustrava_area
	# Nurad
	689 1970 2925 2926 2641 3015 3018 3040 3049 # kol_nurad_area
	2424 2896 2918 2919 2922 3016 3019 3020 # nurad_area
	680 683 684 692 790 793 794 984 1347 1385 1503 2029 # subi_area
	2861 2923 2924 2927 2928 3017 3061 3062 3063 3066 # relmether_area
	# Khand
	664 665 666 676 678 681 1135 1261 # khand_khurvesra_area
	669 670 671 672 673 674 720 721 2326 2615 3151 3152 3154 # khand_amu_area
	629 643 644 645 646 647 648 1193 2363 # khelkar_area
	632 633 634 635 636 637 638 639 640 667 668 2656 # perzarsan_area
	641 656 661 675 719 2327 2328 2329 2330 # sar_khand_area
	649 650 651 652 662 663 1192 2325 2614 2699 3153 # khur_khand_area
	# Haradwaith
	653 654 655 657 658 659 660 2695 598 599 600 601 2054 # lurmsakun_area
	713 714 715 716 717 718 2611 # arysis_area
	2593 2594 2595 2596 2597 2598 2599 2600 2608 2612 2613 # siakan_area
	# Marduak
	71 72 73 74 90 2055 2056 2057 2058 2059 # mardruak_area
	19 75 77 2060 2061 2063 2064 2065 2069 2374 # arazain_area
	66 68 69 70 76 78 79 81 2062 2112 # dusador_area
	# Bellakar
	29 2075 2076 2077 2078 2079 2081 2082 2083 2084 2369 2372 2373 2974 # bellazen_area
	49 2080 2085 2086 2087 2088 2089 2090 2091 2368 2371 2975 # nithilfalas_area
	2101 2102 2103 2104 2105 2106 2107 2108 2109 2366 # mithenniath_area
	2092 2093 2094 2095 2096 2097 2098 2099 2100 # kes_zum_area
	2066 2067 2068 2070 2071 2072 2073 2074 2367 2370 2401 2973 # felaya_area
	# Tulwang
	2393 2394 2395 2396 2397 2398 2709 2968 2971 # nisur_area
	1964 2382 2383 2384 2385 2386 2387 2983 # kanjar_area
	2388 2389 2390 2391 2392 2399 # bishra_area
	# An-Balkumagan
	67 552 553 554 555 556 1961 1962 2379 2380 2381 2969 2970 # kalz_raishoul_area
	2400 2708 2946 2947 2948 2962 2963 2964 2965 # zajantak_area
	2949 2950 2951 2952 2953 2966 2967 2972 # seznebab_area
	# Bozisha-Miraz
	413 414 441 442 443 444 445 446 447 448 449 450 # suza_sumar_area
	429 430 431 432 433 434 435 436 437 438 439 1959 # briy_miyesec_area
	401 402 403 404 405 406 407 408 409 410 411 412 415 # bozisha_dar_area
	416 417 418 419 420 421 422 423 424 425 426 427 1960 # suza_area
	451 452 453 454 455 456 457 458 # gai_area
	548 549 550 591 592 # isfahan_area
	# Sirayn
	459 460 461 462 463 464 465 480 534 541 580 # erim_poa_area
	500 501 502 503 504 505 506 507 508 509 510 511 512 # kirmlesra_area
	466 468 469 470 471 488 489 490 491 492 493 533 2705 2945 # bru_isra_area
	467 494 495 496 497 498 499 523 524 525 526 2707 # isra_area
	472 473 474 477 481 482 483 484 485 486 487 532 2704 2706 # chennacatt_area
	# Sara-Bask
	516 517 518 519 520 521 522 527 528 529 530 531 # sara_bask_area
	2976 2977 2978 2979 2980 2981 2987 3219 3220 3221 3222 3223 3224 # ahava_area
	# Harshandatt
	566 567 559 560 561 562 565 2575 2576 2618 2982 # nuar_area
	568 569 570 571 572 573 574 609 2577 2578 # naishan_area
	558 2555 2556 2557 2558 2559 2619 # coajanir_area
	2560 2562 2563 2564 2561 2565 2566 2567 2568 2574 # mejhanir_area
	513 514 515 557 2620 2621 2622 2623 2624 # muran_area
	# Khailuza
	2588 2589 2590 2591 2592 2606 2648 2702 2703 2881 # khy_area
	2584 2585 2587 2601 2602 2645 2646 2647 2882 2884 2885 # lodenuly_area
	2582 2583 2603 2625 2644 2649 2700 2701 # bulkhyades_area
	2569 2570 2571 2572 2573 2579 2580 2581 2586 # ammu_baj_area
	2877 2878 2879 2883 3012 3058 3079 3080 3081 # vag_area
	3408 3409 3410 3411 3412 3424 3425 3426 3427 # klyan_area
	# Olyas Kris
	3206 3207 3209 3210 3214 3215 3218 # ishto_area
	3200 3201 3203 3204 3205 3211 3212 3405 # ushnad_area
	3225 3226 3227 3228 3233 3229 3230 3401 # kris_area
	# Khey Sart
	2891 2892 2893 2894 2917 3037 3053 3161 3186 # khey_area
	2912 2913 2915 2916 3004 3005 3045 3156 3158 # ulk_khey_sart_area
	213 2862 2863 2864 2865 2866 2867 3046 3064 3065 3068 3076 3077 # sart_area
	2911 2914 3009 3010 3042 3099 3155 # heb_aran_area
	2869 2890 3013 3033 3089 3093 3094 3095 3162 # murgarm_area
	2872 2873 2874 2880 3011 3035 3036 3083 3160 # othokav_area
	2895 2897 2902 2907 2908 2909 2910 3008 3014 3031 # rhadandaz_area
	2870 2871 2888 2889 3032 3038 3088 3157 # vugisen_area
	# Orgothrath
	2876 2886 2887 3034 3052 3059 3060 3085 3086 3159 # orgothrath_area
	1594 2899 2901 2903 2905 3006 3022 3041 3179 # cashiloma_area
	2904 2906 3084 3087 3098 3180 3181 3183 # dominthi_area
	2650 3082 3184 3185 3202 3208 3213 3217 # foga_area
	# Yopi
	3274 3280 3281 3282 3283 3284 3285 3286 3287 3290 # yoyoyopo_area
	3235 3261 3262 3263 3264 3266 3275 3389 3390 # kodya_area
	3231 3232 3234 3236 3237 3291 3341 3342 3406 # kythor_area
	3265 3267 3268 3269 3270 3271 3272 3273 3276 3289 3302 # sunum_area
	3238 3239 3240 3241 3288 3320 3321 3355 3391 # lomeanor_area
	# Nikkea
	3303 3310 3311 3312 3314 3315 3316 3317 3318 3319 3344 # durakhan_area
	3277 3278 3279 3292 3293 3294 3295 3296 3297 3298 3299 3300 3313 3343 # kilwa_area
	3304 3305 3306 3307 3308 3309 3335 3336 3337 3338 3339 3340 3428 # lokhas_area
	3328 3329 3330 3331 3332 3333 3334 3345 3393 3400 # balizar_area
	3347 3348 3349 3350 3351 3352 3353 3354 # shay_area
	3322 3323 3324 3325 3326 3327 3346 3387 # lynir_area
	3392 3394 3395 3396 3397 3398 3399 3407 # unwirnay_area
	# Gathgykarkan
	3078 3216 3242 3243 3244 3245 3246 3247 3301 3373 3429 # akhana_area
	3376 3377 3379 3380 3381 3382 3383 3384 3385 3386 3388 # dhath_area
	3362 3363 3364 3365 3366 3367 3368 3369 3370 3371 # ibav_area
	3356 3357 3358 3359 3360 3361 3372 3374 3375 3378 # gathgykarkan_area
}
