object={
	name="tree_india_generator_1_0"
	clamp_to_water_level=no
	render_under_water=no
	generated_content=yes
	layer="tree_layer"
	pdxmesh="tree_india_01_mesh"
	count=87
	transform="2461.338135 0.000000 2764.624756 0.000000 0.056310 0.000000 -0.998413 1.061784 1.061784 1.061784
2452.474121 0.000000 2759.534180 0.000000 0.162852 0.000000 -0.986650 1.039706 1.039706 1.039706
2459.389160 0.000000 2761.591309 0.000000 0.901127 0.000000 0.433555 0.663222 0.663222 0.663222
2448.537109 0.000000 2771.762451 0.000000 0.412361 0.000000 0.911021 0.531499 0.531499 0.531499
2453.307129 0.000000 2762.218018 0.000000 0.045061 0.000000 -0.998984 1.055532 1.055532 1.055532
2454.989746 0.000000 2759.993652 0.000000 0.984019 0.000000 -0.178066 0.783336 0.783336 0.783336
2452.282715 0.000000 2766.405518 0.000000 0.912356 0.000000 0.409399 0.672879 0.672879 0.672879
2460.882080 0.000000 2762.798584 0.000000 0.841906 0.000000 -0.539625 0.854218 0.854218 0.854218
2463.032959 0.000000 2763.486084 0.000000 0.144922 0.000000 0.989443 0.482179 0.482179 0.482179
2449.157227 0.000000 2779.176514 0.000000 0.947926 0.000000 -0.318490 0.787598 0.787598 0.787598
2453.558105 0.000000 2760.666504 0.000000 0.368012 0.000000 -0.929821 0.966287 0.966287 0.966287
2449.079102 0.000000 2773.342529 0.000000 0.632536 0.000000 0.774531 0.597961 0.597961 0.597961
2446.461182 0.000000 2772.289307 0.000000 0.145441 0.000000 -0.989367 0.951292 0.951292 0.951292
2447.608398 0.000000 2772.438965 0.000000 0.587686 0.000000 0.809089 0.616836 0.616836 0.616836
2449.536865 0.000000 2778.184814 0.000000 0.956069 0.000000 -0.293143 0.784510 0.784510 0.784510
2448.283447 0.000000 2779.549561 0.000000 0.952405 0.000000 -0.304836 0.785932 0.785932 0.785932
2493.334229 0.000000 2764.624756 0.000000 0.997242 0.000000 -0.074214 0.765293 0.765293 0.765293
2479.356689 0.000000 2779.294922 0.000000 0.054562 0.000000 -0.998510 1.062144 1.062144 1.062144
2463.814697 0.000000 2763.767334 0.000000 0.997856 0.000000 -0.065455 0.762308 0.762308 0.762308
2468.100098 0.000000 2761.492188 0.000000 0.369741 0.000000 -0.929135 0.994743 0.994743 0.994743
2470.413330 0.000000 2779.552246 0.000000 0.025748 0.000000 -0.999668 1.055930 1.055930 1.055930
2479.166260 0.000000 2765.457764 0.000000 0.040408 0.000000 -0.999183 1.052166 1.052166 1.052166
2479.048828 0.000000 2775.661621 0.000000 0.984255 0.000000 0.176755 0.716114 0.716114 0.716114
2466.325928 0.000000 2770.344238 0.000000 0.769862 0.000000 0.638211 0.615278 0.615278 0.615278
2489.925293 0.000000 2763.879395 0.000000 0.975960 0.000000 -0.217949 0.787457 0.787457 0.787457
2466.379883 0.000000 2763.491455 0.000000 0.285146 0.000000 -0.958484 0.958418 0.958418 0.958418
2481.246826 0.000000 2764.132812 0.000000 0.371272 0.000000 -0.928524 0.966988 0.966988 0.966988
2471.383789 0.000000 2771.657959 0.000000 0.578134 0.000000 0.815942 0.579257 0.579257 0.579257
2486.409912 0.000000 2764.263184 0.000000 0.978006 0.000000 -0.208578 0.790189 0.790189 0.790189
2478.033691 0.000000 2777.532959 0.000000 0.859084 0.000000 0.511835 0.650247 0.650247 0.650247
2489.226562 0.000000 2760.692871 0.000000 0.478139 0.000000 -0.878284 0.954486 0.954486 0.954486
2473.075684 0.000000 2772.507568 0.000000 0.722092 0.000000 0.691797 0.609027 0.609027 0.609027
2492.878174 0.000000 2762.798584 0.000000 0.004423 0.000000 0.999990 0.467122 0.467122 0.467122
2466.443604 0.000000 2760.489258 0.000000 0.764353 0.000000 0.644798 0.628958 0.628958 0.628958
2480.572021 0.000000 2774.804688 0.000000 0.297341 0.000000 -0.954771 0.982005 0.982005 0.982005
2489.805908 0.000000 2762.192627 0.000000 0.685918 0.000000 -0.727679 0.888932 0.888932 0.888932
2480.703613 0.000000 2765.911621 0.000000 0.484652 0.000000 0.874707 0.555903 0.555903 0.555903
2463.735107 0.000000 2760.616699 0.000000 0.954841 0.000000 0.297118 0.696706 0.696706 0.696706
2474.093750 0.000000 2776.912109 0.000000 0.955682 0.000000 0.294401 0.697880 0.697880 0.697880
2480.171875 0.000000 2770.286865 0.000000 0.898657 0.000000 -0.438651 0.828181 0.828181 0.828181
2482.395020 0.000000 2764.597412 0.000000 0.995651 0.000000 0.093167 0.735194 0.735194 0.735194
2477.372070 0.000000 2781.776611 0.000000 0.711375 0.000000 0.702813 0.644715 0.644715 0.644715
2476.947266 0.000000 2780.379639 0.000000 0.961690 0.000000 0.274138 0.712485 0.712485 0.712485
2461.338135 0.000000 2796.616943 0.000000 0.758232 0.000000 -0.651985 0.899401 0.899401 0.899401
2455.478271 0.000000 2784.034424 0.000000 0.592801 0.000000 0.805349 0.569872 0.569872 0.569872
2452.420898 0.000000 2784.355957 0.000000 0.257971 0.000000 0.966153 0.482541 0.482541 0.482541
2448.537109 0.000000 2803.754639 0.000000 0.616382 0.000000 0.787447 0.566401 0.566401 0.566401
2457.929199 0.000000 2795.871582 0.000000 0.759497 0.000000 -0.650510 0.872735 0.872735 0.872735
2453.307129 0.000000 2794.210205 0.000000 0.485548 0.000000 0.874210 0.553102 0.553102 0.553102
2455.629883 0.000000 2787.757324 0.000000 0.488799 0.000000 0.872397 0.553791 0.553791 0.553791
2454.020020 0.000000 2789.649658 0.000000 0.916830 0.000000 -0.399278 0.823483 0.823483 0.823483
2452.410156 0.000000 2800.536865 0.000000 0.387296 0.000000 -0.921955 0.958560 0.958560 0.958560
2457.312988 0.000000 2785.044922 0.000000 0.988421 0.000000 0.151734 0.721465 0.721465 0.721465
2454.465088 0.000000 2785.783203 0.000000 0.143567 0.000000 0.989641 0.475511 0.475511 0.475511
2463.296387 0.000000 2786.771729 0.000000 0.154427 0.000000 0.988004 0.486372 0.486372 0.486372
2450.790283 0.000000 2784.577393 0.000000 0.605895 0.000000 0.795545 0.589038 0.589038 0.589038
2455.973389 0.000000 2795.898438 0.000000 0.942038 0.000000 0.335505 0.692055 0.692055 0.692055
2451.418457 0.000000 2801.598633 0.000000 0.836300 0.000000 -0.548271 0.846975 0.846975 0.846975
2461.888916 0.000000 2787.615234 0.000000 0.413603 0.000000 -0.910457 0.923885 0.923885 0.923885
2476.428467 0.000000 2784.151611 0.000000 0.948463 0.000000 -0.316888 0.808232 0.808232 0.808232
2504.228760 0.000000 2760.036865 0.000000 0.848122 0.000000 -0.529802 0.861502 0.861502 0.861502
2495.810791 0.000000 2763.767334 0.000000 0.961136 0.000000 -0.276075 0.805541 0.805541 0.805541
2503.798340 0.000000 2764.621826 0.000000 0.840840 0.000000 -0.541283 0.867429 0.867429 0.867429
2500.096191 0.000000 2761.492188 0.000000 0.297990 0.000000 -0.954569 1.014650 1.014650 1.014650
2506.446777 0.000000 2764.460205 0.000000 0.581012 0.000000 0.813895 0.566002 0.566002 0.566002
2501.281494 0.000000 2763.863770 0.000000 0.493945 0.000000 -0.869493 0.961103 0.961103 0.961103
2505.633545 0.000000 2762.067627 0.000000 0.846915 0.000000 -0.531728 0.862900 0.862900 0.862900
2513.242920 0.000000 2764.132812 0.000000 0.510477 0.000000 0.859891 0.548540 0.548540 0.548540
2503.999756 0.000000 2762.838135 0.000000 0.502613 0.000000 -0.864511 0.933880 0.933880 0.933880
2475.186279 0.000000 2831.028320 0.000000 0.244919 0.000000 0.969544 0.469381 0.469381 0.469381
2469.385742 0.000000 2834.216553 0.000000 0.996464 0.000000 -0.084022 0.767413 0.767413 0.767413
2476.207031 0.000000 2826.478516 0.000000 0.019998 0.000000 -0.999800 1.040518 1.040518 1.040518
2476.794189 0.000000 2829.232178 0.000000 0.473944 0.000000 0.880555 0.541580 0.541580 0.541580
2546.365723 0.000000 3023.830811 0.000000 0.177695 0.000000 -0.984086 1.040515 1.040515 1.040515
2547.615234 0.000000 3026.985107 0.000000 0.795009 0.000000 0.606598 0.628998 0.628998 0.628998
2563.968262 0.000000 3000.207520 0.000000 0.184764 0.000000 -0.982783 1.021121 1.021121 1.021121
2566.401611 0.000000 3003.497559 0.000000 0.418941 0.000000 0.908013 0.519449 0.519449 0.519449
2568.728271 0.000000 3001.495605 0.000000 0.953430 0.000000 0.301614 0.691571 0.691571 0.691571
2585.214844 0.000000 2984.638184 0.000000 0.984890 0.000000 0.173178 0.719544 0.719544 0.719544
2568.375977 0.000000 3003.931641 0.000000 0.953346 0.000000 -0.301879 0.808654 0.808654 0.808654
2588.866455 0.000000 2986.743896 0.000000 0.608819 0.000000 0.793309 0.580418 0.580418 0.580418
2591.870117 0.000000 2976.919922 0.000000 0.896019 0.000000 -0.444016 0.845233 0.845233 0.845233
2607.150635 0.000000 2989.403076 0.000000 0.950862 0.000000 0.309615 0.684840 0.684840 0.684840
2594.627686 0.000000 2979.221191 0.000000 0.530121 0.000000 -0.847922 0.930497 0.930497 0.930497
2625.061035 0.000000 2958.052246 0.000000 0.616261 0.000000 0.787542 0.586236 0.586236 0.586236
2625.888184 0.000000 2959.789795 0.000000 0.508919 0.000000 0.860814 0.562748 0.562748 0.562748
2625.162109 0.000000 2956.490234 0.000000 0.758208 0.000000 0.652013 0.622135 0.622135 0.622135
"}
object={
	name="tree_india_generator_1_1"
	clamp_to_water_level=no
	render_under_water=no
	generated_content=yes
	layer="tree_layer"
	pdxmesh="tree_india_02_mesh"
	count=22
	transform="2451.626953 0.000000 2771.047607 0.000000 0.990268 0.000000 0.139176 0.724392 0.724392 0.724392
2462.418213 0.000000 2761.739990 0.000000 0.892298 0.000000 -0.451447 0.832746 0.832746 0.832746
2450.946533 0.000000 2761.664795 0.000000 0.315379 0.000000 0.948966 0.506715 0.506715 0.506715
2448.919922 0.000000 2777.325439 0.000000 0.926052 0.000000 0.377396 0.706633 0.706633 0.706633
2453.885742 0.000000 2767.864258 0.000000 0.803136 0.000000 0.595796 0.633300 0.633300 0.633300
2448.448242 0.000000 2778.312500 0.000000 0.747615 0.000000 -0.664132 0.834252 0.834252 0.834252
2471.919922 0.000000 2774.007080 0.000000 0.536771 0.000000 0.843728 0.556239 0.556239 0.556239
2476.825928 0.000000 2774.520752 0.000000 0.201658 0.000000 0.979456 0.530652 0.530652 0.530652
2476.297363 0.000000 2781.370605 0.000000 0.994745 0.000000 -0.102382 0.763855 0.763855 0.763855
2488.549072 0.000000 2765.520020 0.000000 0.750545 0.000000 -0.660819 0.876317 0.876317 0.876317
2477.172363 0.000000 2776.078857 0.000000 0.108555 0.000000 -0.994090 1.015676 1.015676 1.015676
2470.713379 0.000000 2773.018799 0.000000 0.437750 0.000000 0.899097 0.555684 0.555684 0.555684
2466.727295 0.000000 2762.048340 0.000000 0.974751 0.000000 -0.223294 0.786621 0.786621 0.786621
2475.891846 0.000000 2772.832764 0.000000 0.808250 0.000000 0.588839 0.652917 0.652917 0.652917
2456.582764 0.000000 2790.061279 0.000000 0.356753 0.000000 -0.934199 0.973217 0.973217 0.973217
2451.418457 0.000000 2783.347168 0.000000 0.198337 0.000000 0.980134 0.527798 0.527798 0.527798
2463.711670 0.000000 2786.662354 0.000000 0.196383 0.000000 0.980527 0.494308 0.494308 0.494308
2477.212402 0.000000 2785.593994 0.000000 0.207910 0.000000 0.978148 0.504147 0.504147 0.504147
2510.480469 0.000000 2763.144775 0.000000 0.640318 0.000000 0.768110 0.575584 0.575584 0.575584
2583.826904 0.000000 2986.245117 0.000000 0.544277 0.000000 0.838906 0.538393 0.538393 0.538393
2562.143555 0.000000 3001.983887 0.000000 0.807501 0.000000 0.589866 0.626496 0.626496 0.626496
2597.735352 0.000000 2978.076660 0.000000 0.318533 0.000000 0.947912 0.518567 0.518567 0.518567
"}
object={
	name="tree_india_generator_1_2"
	clamp_to_water_level=no
	render_under_water=no
	generated_content=yes
	layer="tree_layer"
	pdxmesh="tree_india_03_mesh"
	count=12
	transform="2471.802246 0.000000 2764.621826 0.000000 0.332654 0.000000 0.943049 0.493665 0.493665 0.493665
2474.291260 0.000000 2772.506348 0.000000 0.220509 0.000000 -0.975385 0.957923 0.957923 0.957923
2449.451172 0.000000 2783.601562 0.000000 0.877177 0.000000 0.480167 0.645484 0.645484 0.645484
2459.655762 0.000000 2785.597412 0.000000 0.880345 0.000000 0.474334 0.662970 0.662970 0.662970
2457.809814 0.000000 2794.184814 0.000000 0.999995 0.000000 0.003302 0.749428 0.749428 0.749428
2454.023926 0.000000 2797.524658 0.000000 0.338559 0.000000 -0.940945 0.932755 0.932755 0.932755
2508.203125 0.000000 2762.494141 0.000000 0.739268 0.000000 0.673411 0.597069 0.597069 0.597069
2473.511963 0.000000 2834.422119 0.000000 0.992805 0.000000 -0.119743 0.772688 0.772688 0.772688
2567.908203 0.000000 2997.952393 0.000000 0.931752 0.000000 0.363096 0.671204 0.671204 0.671204
2588.893066 0.000000 2982.036133 0.000000 0.971925 0.000000 -0.235291 0.800366 0.800366 0.800366
2589.322510 0.000000 2988.570068 0.000000 0.655974 0.000000 -0.754784 0.928009 0.928009 0.928009
2588.739258 0.000000 2984.169189 0.000000 0.440673 0.000000 0.897668 0.551241 0.551241 0.551241
"}
object={
	name="tree_india_generator_1_3"
	clamp_to_water_level=no
	render_under_water=no
	generated_content=yes
	layer="tree_layer"
	pdxmesh="tree_india_04_mesh"
	count=1
	transform="2483.483643 0.000000 2765.358643 0.000000 0.812477 0.000000 -0.582994 0.848768 0.848768 0.848768
"}
object={
	name="tree_india_generator_1_4"
	clamp_to_water_level=no
	render_under_water=no
	generated_content=yes
	layer="tree_layer"
	pdxmesh="tree_india_05_mesh"
	count=3
	transform="2460.754883 0.000000 2760.223877 0.000000 0.454730 0.000000 0.890629 0.542319 0.542319 0.542319
2448.478516 0.000000 2776.118408 0.000000 0.967060 0.000000 -0.254548 0.778843 0.778843 0.778843
2475.240723 0.000000 2775.064941 0.000000 0.967793 0.000000 -0.251747 0.791241 0.791241 0.791241
"}
object={
	name="tree_india_generator_1_5"
	clamp_to_water_level=no
	render_under_water=no
	generated_content=yes
	layer="tree_layer"
	pdxmesh="tree_palm_mesh"
	count=3
	transform="2450.370117 0.000000 2782.042969 0.000000 0.467624 0.000000 0.883927 0.574298 0.574298 0.574298
2596.521484 0.000000 2980.396240 0.000000 0.810088 0.000000 -0.586308 0.877570 0.877570 0.877570
2602.435059 0.000000 2988.405518 0.000000 0.937286 0.000000 0.348562 0.679302 0.679302 0.679302
"}
