object={
	name="seagulls"
	clamp_to_water_level=yes
	render_under_water=no
	generated_content=no
	layer="monument_layer"
	entity="seagull_port_entity"
	count=107
	transform="2507.000000 0.000000 3031.000000 0.000000 -0.700000 0.000000 1.000000 1.000000 1.000000 1.000000
3555.000000 0.000000 828.000000 0.000000 1.000000 0.000000 1.000000 1.000000 1.000000 1.000000
3881.000000 0.000000 104.000000 0.000000 1.000000 0.000000 1.000000 1.000000 1.000000 1.000000
3934.000000 0.000000 269.000000 0.000000 4.000000 0.000000 1.000000 1.000000 1.000000 1.000000
4053.000000 0.000000 196.000000 0.000000 3.000000 0.000000 1.000000 1.000000 1.000000 1.000000
4124.000000 0.000000 306.000000 0.000000 2.000000 0.000000 1.000000 1.000000 1.000000 1.000000
4209.000000 0.000000 366.000000 0.000000 4.000000 0.000000 1.000000 1.000000 1.000000 1.000000
4101.000000 0.000000 478.000000 0.000000 0.000000 0.000000 1.000000 1.000000 1.000000 1.000000
3880.000000 0.000000 438.000000 0.000000 -0.500000 0.000000 1.000000 1.000000 1.000000 1.000000
3696.000000 0.000000 475.000000 0.000000 0.000000 0.000000 1.000000 1.000000 1.000000 1.000000
3627.000000 0.000000 383.000000 0.000000 -1.000000 0.000000 1.000000 1.000000 1.000000 1.000000
3619.000000 0.000000 494.000000 0.000000 0.000000 0.000000 1.000000 1.000000 1.000000 1.000000
3527.000000 0.000000 612.000000 0.000000 0.400000 0.000000 1.000000 1.000000 1.000000 1.000000
3506.000000 0.000000 706.000000 0.000000 2.000000 0.000000 1.000000 1.000000 1.000000 1.000000
3539.000000 0.000000 760.000000 0.000000 0.500000 0.000000 1.000000 1.000000 1.000000 1.000000
3452.000000 0.000000 972.000000 0.000000 0.000000 0.000000 1.000000 1.000000 1.000000 1.000000
3321.000000 0.000000 1067.000000 0.000000 0.500000 0.000000 1.000000 1.000000 1.000000 1.000000
3328.000000 0.000000 1142.000000 0.000000 1.500000 0.000000 1.000000 1.000000 1.000000 1.000000
3435.000000 0.000000 1226.000000 0.000000 2.000000 0.000000 1.000000 1.000000 1.000000 1.000000
3521.000000 0.000000 1331.000000 0.000000 1.000000 0.000000 1.000000 1.000000 1.000000 1.000000
3539.000000 0.000000 1387.000000 0.000000 3.000000 0.000000 1.000000 1.000000 1.000000 1.000000
3721.000000 0.000000 1446.000000 0.000000 0.000000 0.000000 1.000000 1.000000 1.000000 1.000000
3592.000000 0.000000 1476.000000 0.000000 -0.500000 0.000000 1.000000 1.000000 1.000000 1.000000
3579.000000 0.000000 1525.000000 0.000000 1.700000 0.000000 1.000000 1.000000 1.000000 1.000000
3682.000000 0.000000 1551.000000 0.000000 4.000000 0.000000 1.000000 1.000000 1.000000 1.000000
3788.000000 0.000000 1595.000000 0.000000 2.700000 0.000000 1.000000 1.000000 1.000000 1.000000
3961.000000 0.000000 1641.000000 0.000000 4.000000 0.000000 1.000000 0.800000 0.800000 0.800000
4104.000000 0.000000 1653.000000 0.000000 2.000000 0.000000 1.000000 0.600000 0.600000 0.600000
3956.000000 0.000000 1650.000000 0.000000 0.500000 0.000000 1.000000 0.800000 0.800000 0.800000
3896.000000 0.000000 1658.000000 0.000000 0.000000 0.000000 1.000000 1.000000 1.000000 1.000000
3860.000000 0.000000 1720.000000 0.000000 1.000000 0.000000 1.000000 1.000000 1.000000 1.000000
3862.000000 0.000000 1770.000000 0.000000 0.500000 0.000000 1.000000 1.000000 1.000000 1.000000
3895.000000 0.000000 1926.000000 0.000000 1.200000 0.000000 1.000000 1.000000 1.000000 1.000000
3992.000000 0.000000 2009.000000 0.000000 3.000000 0.000000 1.000000 1.000000 1.000000 1.000000
3954.000000 0.000000 2005.000000 0.000000 0.000000 0.000000 1.000000 1.000000 1.000000 1.000000
3758.000000 0.000000 1962.000000 0.000000 -1.000000 0.000000 1.000000 1.000000 1.000000 1.000000
3675.000000 0.000000 1919.000000 0.000000 0.600000 0.000000 1.000000 1.000000 1.000000 1.000000
3647.000000 0.000000 1981.000000 0.000000 1.400000 0.000000 1.000000 1.000000 1.000000 1.000000
3509.000000 0.000000 2077.000000 0.000000 0.000000 0.000000 1.000000 1.000000 1.000000 1.000000
3193.000000 0.000000 1971.000000 0.000000 1.000000 0.000000 1.000000 1.000000 1.000000 1.000000
3059.000000 0.000000 1936.000000 0.000000 -0.100000 0.000000 1.000000 1.000000 1.000000 1.000000
3049.000000 0.000000 2054.000000 0.000000 2.000000 0.000000 1.000000 1.000000 1.000000 1.000000
3046.000000 0.000000 2160.000000 0.000000 0.800000 0.000000 1.000000 1.000000 1.000000 1.000000
3046.000000 0.000000 2412.000000 0.000000 1.000000 0.000000 1.000000 1.000000 1.000000 1.000000
3028.000000 0.000000 2532.000000 0.000000 -0.300000 0.000000 1.000000 1.000000 1.000000 1.000000
2913.000000 0.000000 2508.000000 0.000000 0.000000 0.000000 1.000000 1.000000 1.000000 1.000000
2889.000000 0.000000 2600.000000 0.000000 1.000000 0.000000 1.000000 1.000000 1.000000 1.000000
2862.000000 0.000000 2563.000000 0.000000 -1.000000 0.000000 1.000000 1.000000 1.000000 1.000000
2799.000000 0.000000 2661.000000 0.000000 -0.400000 0.000000 1.000000 1.000000 1.000000 1.000000
2712.000000 0.000000 2677.000000 0.000000 0.300000 0.000000 1.000000 1.000000 1.000000 1.000000
2604.000000 0.000000 2696.000000 0.000000 -0.200000 0.000000 1.000000 1.000000 1.000000 1.000000
2536.000000 0.000000 2759.000000 0.000000 0.700000 0.000000 1.000000 1.000000 1.000000 1.000000
2442.000000 0.000000 2801.000000 0.000000 0.700000 0.000000 1.000000 1.000000 1.000000 1.000000
2449.000000 0.000000 2928.000000 0.000000 2.000000 0.000000 1.000000 1.000000 1.000000 1.000000
2595.000000 0.000000 2896.000000 0.000000 2.000000 0.000000 1.000000 1.000000 1.000000 1.000000
2549.000000 0.000000 2994.000000 0.000000 0.400000 0.000000 1.000000 1.000000 1.000000 1.000000
2502.000000 0.000000 2985.000000 0.000000 -1.000000 0.000000 1.000000 1.000000 1.000000 1.000000
2422.000000 0.000000 3109.000000 0.000000 1.000000 0.000000 1.000000 1.000000 1.000000 1.000000
2369.000000 0.000000 3152.000000 0.000000 0.400000 0.000000 1.000000 1.000000 1.000000 1.000000
2456.000000 0.000000 3334.000000 0.000000 4.000000 0.000000 1.000000 1.000000 1.000000 1.000000
2911.000000 0.000000 3488.000000 0.000000 -5.000000 0.000000 1.000000 1.000000 1.000000 1.000000
2695.000000 0.000000 3537.000000 0.000000 2.000000 0.000000 1.000000 1.000000 1.000000 1.000000
3042.000000 0.000000 3497.000000 0.000000 3.000000 0.000000 1.000000 1.000000 1.000000 1.000000
3193.000000 0.000000 3586.000000 0.000000 2.000000 0.000000 1.000000 1.000000 1.000000 1.000000
3302.000000 0.000000 3756.000000 0.000000 1.300000 0.000000 1.000000 1.000000 1.000000 1.000000
4031.000000 0.000000 2040.000000 0.000000 0.000000 0.000000 1.000000 1.000000 1.000000 1.000000
4105.000000 0.000000 2198.000000 0.000000 -0.500000 0.000000 1.000000 0.600000 0.600000 0.600000
3825.000000 0.000000 1974.000000 0.000000 0.000000 0.000000 1.000000 1.000000 1.000000 1.000000
3815.000000 0.000000 1906.000000 0.000000 -1.000000 0.000000 1.000000 1.000000 1.000000 1.000000
3788.000000 0.000000 1595.000000 0.000000 2.700000 0.000000 1.000000 1.000000 1.000000 1.000000
3961.000000 0.000000 1641.000000 0.000000 4.000000 0.000000 1.000000 0.800000 0.800000 0.800000
4104.000000 0.000000 1653.000000 0.000000 2.000000 0.000000 1.000000 0.600000 0.600000 0.600000
3346.000000 0.000000 2042.000000 0.000000 0.000000 0.000000 1.000000 1.000000 1.000000 1.000000
3841.000000 0.000000 2041.000000 0.000000 0.300000 0.000000 1.000000 0.500000 0.500000 0.500000
2295.000000 0.000000 3496.000000 0.000000 4.000000 0.000000 1.000000 1.000000 1.000000 1.000000
4053.000000 0.000000 196.000000 0.000000 3.000000 0.000000 1.000000 1.000000 1.000000 1.000000
4136.000000 0.000000 2213.000000 0.000000 1.000000 0.000000 1.000000 0.600000 0.600000 0.600000
3895.000000 0.000000 1926.000000 0.000000 1.200000 0.000000 1.000000 1.000000 1.000000 1.000000
3620.000000 0.000000 2057.000000 0.000000 -2.000000 0.000000 1.000000 1.000000 1.000000 1.000000
3613.000000 0.000000 2069.000000 0.000000 0.000000 0.000000 1.000000 1.000000 1.000000 1.000000
2892.000000 0.000000 1879.000000 0.000000 1.000000 0.000000 1.000000 1.000000 1.000000 1.000000
3085.000000 0.000000 2368.000000 0.000000 0.000000 0.000000 1.000000 1.000000 1.000000 1.000000
3028.000000 0.000000 2532.000000 0.000000 -0.300000 0.000000 1.000000 1.000000 1.000000 1.000000
2881.000000 0.000000 2615.000000 0.000000 0.500000 0.000000 1.000000 1.000000 1.000000 1.000000
2547.000000 0.000000 2710.000000 0.000000 0.500000 0.000000 1.000000 1.000000 1.000000 1.000000
2579.000000 0.000000 2919.000000 0.000000 4.000000 0.000000 1.000000 1.000000 1.000000 1.000000
2702.000000 0.000000 2981.000000 0.000000 -0.500000 0.000000 1.000000 1.000000 1.000000 1.000000
2730.000000 0.000000 2978.000000 0.000000 1.000000 0.000000 1.000000 1.000000 1.000000 1.000000
2596.000000 0.000000 2972.000000 0.000000 0.000000 0.000000 1.000000 1.000000 1.000000 1.000000
3769.000000 0.000000 1422.000000 0.000000 1.000000 0.000000 1.000000 1.000000 1.000000 1.000000
3709.000000 0.000000 1486.000000 0.000000 0.400000 0.000000 1.000000 1.000000 1.000000 1.000000
3623.000000 0.000000 1407.000000 0.000000 3.000000 0.000000 1.000000 1.000000 1.000000 1.000000
3428.000000 0.000000 1201.000000 0.000000 -3.000000 0.000000 1.000000 1.000000 1.000000 1.000000
3660.000000 0.000000 1012.000000 0.000000 1.000000 0.000000 1.000000 1.000000 1.000000 1.000000
3833.000000 0.000000 373.000000 0.000000 0.100000 0.000000 1.000000 1.000000 1.000000 1.000000
4272.000000 0.000000 502.000000 0.000000 1.300000 0.000000 1.000000 1.000000 1.000000 1.000000
5550.000000 0.000000 240.000000 0.000000 0.000000 0.000000 1.000000 1.000000 1.000000 1.000000
5472.000000 0.000000 318.000000 0.000000 0.000000 0.000000 1.000000 1.000000 1.000000 1.000000
5524.000000 0.000000 554.000000 0.000000 0.000000 0.000000 1.000000 1.000000 1.000000 1.000000
7730.000000 0.000000 1346.000000 0.000000 0.000000 0.000000 1.000000 1.000000 1.000000 1.000000
7262.000000 0.000000 718.000000 0.000000 0.000000 0.000000 1.000000 1.000000 1.000000 1.000000
3400.000000 0.000000 1002.000000 0.000000 0.000000 0.000000 1.000000 1.000000 1.000000 1.000000
3658.000000 0.000000 977.000000 0.000000 0.000000 0.000000 1.000000 1.000000 1.000000 1.000000
3378.000000 0.000000 1530.000000 0.000000 0.000000 0.000000 1.000000 1.000000 1.000000 1.000000
3696.000000 0.000000 1411.000000 0.000000 0.000000 0.000000 1.000000 1.000000 1.000000 1.000000
3621.000000 0.000000 460.000000 0.000000 0.000000 0.000000 1.000000 1.000000 1.000000 1.000000
3893.000000 0.000000 279.000000 0.000000 0.000000 0.000000 1.000000 1.000000 1.000000 1.000000
"}
